0.1
0 1 2 3 4 5 6 7 8
1.0 1.0 0.9958 0.4716 0.2002 0.1672669067627051 0.06955272876487485 0.009586578789694428 0.004291845493562232
0.3
0 1 2 3 4 5 6 7 8
1.0 1.0 0.9946 0.4146 0.1828 0.129 0.05258833196384552 0.0036144578313253013 0.0
0.5
0 1 2 3 4 5 6 7 8
1.0 1.0 0.9952 0.448 0.1836 0.1426856113668201 0.05150391429748661 0.0047875523638539795 0.0
0.7
0 1 2 3 4 5 6 7 8
1.0 1.0 0.9982 0.5294 0.2526 0.1774 0.08861538461538461 0.013095238095238096 0.004166666666666667
0.9
0 1 2 3 4 5 6 7 8
1.0 1.0 0.9982 0.6968 0.4 0.2664 0.17819533347098906 0.03692674210839786 0.012448132780082987
