0.1
0 1 2 3 4 5 6 7 8
1.0 1.0 0.9788 0.2602 0.0582 0.049 0.011750154607297465 0.0018072289156626507 0.0
0.3
0 1 2 3 4 5 6 7 8
1.0 1.0 0.9798 0.2908 0.0612 0.0594 0.013605442176870748 0.0006203473945409429 0.0
0.5
0 1 2 3 4 5 6 7 8
1.0 1.0 0.9852 0.3038 0.0748 0.0586234493797519 0.019045668646323982 0.0017921146953405018 0.0
0.7
0 1 2 3 4 5 6 7 8
1.0 1.0 0.9884 0.3782 0.0982 0.07065652522017614 0.02813719449578969 0.0011614401858304297 0.0
0.9
0 1 2 3 4 5 6 7 8
1.0 1.0 0.9874 0.5318 0.224 0.09983993597438975 0.06529774127310062 0.00933997509339975 0.0045871559633027525
